0.0075001,0.010336,0.0091649,0.0042436,-0.0015922,-0.0037686,-0.0049508,-0.0087016,-0.011743,-0.011436,-0.012819,-0.012305,-0.004465,-0.010371,-0.0092362,-0.0088815,-0.014585,-0.01017,-0.0091825,-0.0087816,-0.0067792,-0.0047546,-0.00357,-0.0031873,-0.0032585,-0.0044414,-0.0068218,-0.0092769,-0.01095,-0.012192,-0.013042,-0.01386
0.0042148,0.0064256,0.0015907,-0.005167,-0.0083061,-0.0076484,-0.0055782,-0.0071413,-0.0096631,-0.012912,-0.012527,-0.011661,-0.010856,-0.0056473,-0.010872,-0.01079,-0.012651,-0.012886,-0.009839,-0.009214,-0.0074166,-0.0060737,-0.0044427,-0.0033453,-0.0027978,-0.0040971,-0.0066926,-0.0088453,-0.010601,-0.011803,-0.0125,-0.012103
0.00097274,0.0022983,-0.0048907,-0.010928,-0.012369,-0.012447,-0.0093544,-0.006115,-0.0076699,-0.012642,-0.017245,-0.010995,-0.010848,-0.011313,-0.011983,-0.011455,-0.011871,-0.011131,-0.013812,-0.0089221,-0.0073398,-0.0070835,-0.0062914,-0.0048512,-0.0037525,-0.0041976,-0.0062255,-0.0082511,-0.0092642,-0.01056,-0.011523,-0.010635
-0.0017671,-0.0010009,-0.0070718,-0.0099828,-0.011646,-0.011766,-0.0081411,-0.006431,-0.005824,-0.0099524,-0.015451,-0.011616,-0.013438,-0.014577,-0.01451,-0.013149,-0.011715,-0.012273,-0.012805,-0.014156,-0.0068844,-0.0070578,-0.0079584,-0.006707,-0.0050564,-0.0046555,-0.0050618,-0.0062007,-0.0074413,-0.0087032,-0.010082,-0.0090656
-0.0045262,-0.0023778,-0.0049142,-0.0057695,-0.006843,-0.013443,-0.014615,-0.015426,-0.0069365,-0.0099002,-0.014835,-0.015774,-0.016081,-0.016034,-0.014451,-0.012791,-0.0097148,-0.010297,-0.011186,-0.0092523,-0.0067501,-0.0067683,-0.0091606,-0.0091722,-0.0074838,-0.005951,-0.0050361,-0.0054864,-0.0068124,-0.0085354,-0.0094674,-0.0087422
-0.007387,-0.0040004,-0.005553,-0.0017953,-0.0033672,-0.011543,-0.015285,-0.016218,-0.015924,-0.016524,-0.016395,-0.016444,-0.016355,-0.015004,-0.0144,-0.014624,-0.013118,-0.010236,-0.011383,-0.0094628,-0.0055252,-0.0056024,-0.01004,-0.011115,-0.010194,-0.0084007,-0.0060323,-0.0052556,-0.0059011,-0.00753,-0.0082258,-0.0078295
-0.0088383,-0.0056548,-0.0044694,-0.0016014,-0.0017731,-0.0096564,-0.014219,-0.014728,-0.014339,-0.014431,-0.014659,-0.014163,-0.013602,-0.01239,-0.014066,-0.014251,-0.011864,-0.012294,-0.011534,-0.011377,-0.0061382,-0.0053408,-0.0094905,-0.011241,-0.011046,-0.0096792,-0.0069434,-0.0055808,-0.0054506,-0.00786,-0.0086922,-0.0086621
-0.0077518,-0.0037768,-0.0030632,-0.0036678,-0.0066587,-0.0079718,-0.012224,-0.012816,-0.012418,-0.012471,-0.012591,-0.011122,-0.010224,-0.0092566,-0.012649,-0.010214,-0.0084713,-0.010203,-0.01043,-0.010093,-0.0082409,-0.0067653,-0.009666,-0.0099426,-0.0093625,-0.0080989,-0.0062566,-0.0040343,-0.003391,-0.0055772,-0.0066354,-0.0080155
-0.0063306,-0.0038112,-0.0048043,-0.0048643,-0.010328,-0.0068705,-0.010464,-0.01088,-0.011153,-0.011625,-0.011627,-0.010009,-0.0094262,-0.012787,-0.007786,-0.0043242,-0.0054617,-0.0088316,-0.0085658,-0.0084651,-0.0071346,-0.0067757,-0.0084952,-0.0083374,-0.007368,-0.0053955,-0.0035508,-0.0040733,-0.0051781,-0.0069667,-0.0062515,-0.0048217
-0.0060955,-0.003956,-0.0062185,-0.01358,-0.0077389,-0.0059991,-0.0085564,-0.0091653,-0.010418,-0.01003,-0.0097048,-0.0093325,-0.010036,-0.011086,-0.009516,-0.0052901,-0.0069196,-0.0067906,-0.0091259,-0.0078084,-0.0063513,-0.0070743,-0.0077275,-0.006455,-0.0049336,-0.0026411,-0.0011058,-0.0052514,-0.0049615,-0.0059503,-0.0060097,-0.0052994
-0.0017155,-0.0031315,-0.0077496,-0.013245,-0.0038906,-0.0056477,-0.0059501,-0.0068594,-0.0086575,-0.0079457,-0.0075834,-0.0088337,-0.010399,-0.011104,-0.010404,-0.0091386,-0.0080573,-0.014268,-0.0095789,-0.0069423,-0.0046633,-0.0065625,-0.0068543,-0.0051593,-0.0026939,-0.00073388,-0.0052818,-0.0049541,-0.0041086,-0.0034868,-0.0045003,-0.0065875
0.0075706,-0.0042955,-0.0068701,-0.0068196,-0.0060962,-0.0055061,-0.005909,-0.0065788,-0.0064976,-0.00506,-0.0046936,-0.0062783,-0.0075826,-0.0087232,-0.0083732,-0.0075559,-0.0065526,-0.011375,-0.0080488,-0.0059484,-0.0048451,-0.0062988,-0.0065617,-0.0040849,-0.0020746,0.00060631,-0.006002,-0.0053895,-0.0037781,-0.001837,-0.0034561,-0.0076292
0.0012593,-0.0029292,-0.0045681,-0.0073948,-0.0067137,-0.0052776,-0.0055682,-0.0061166,-0.0051809,-0.004128,-0.0044385,-0.0052002,-0.0045897,-0.0057947,-0.003988,-0.0030262,-0.0022964,-0.0026585,-0.0050329,-0.0060385,-0.0066255,-0.0067178,-0.0057883,-0.0026288,-0.00063502,-0.0055763,-0.0070023,-0.0072959,-0.0052126,-0.0030693,-0.0046149,-0.0092548
-0.0081209,-0.0089895,-0.0078133,-0.0076923,-0.0055185,-0.0053224,-0.0060768,-0.0057649,-0.0043981,-0.0040568,-0.006013,-0.010652,-0.0059476,-0.00456,-0.00015262,0.0020241,0.0022199,0.00066087,-0.0020459,-0.0040813,-0.0057619,-0.0054343,-0.0049742,-0.0028545,-0.00029766,-0.0032489,-0.0070057,-0.0098075,-0.0081134,-0.0052587,-0.0065307,-0.010273
-0.0072774,-0.0078528,-0.0067114,-0.0063066,-0.0059441,-0.0067489,-0.0072231,-0.0054024,-0.0038603,-0.0031967,-0.0044298,-0.0062056,-0.0053123,-0.0023685,0.00062022,0.0025544,0.0027413,0.0010532,-0.0015797,-0.003209,-0.0048855,-0.0045887,-0.0041425,-0.0018698,0.0011951,-0.00291,-0.0086097,-0.011787,-0.0096341,-0.0074081,-0.0087182,-0.011004
-0.0098225,-0.0078352,-0.0062896,-0.0076027,-0.0096495,-0.0092237,-0.00734,-0.0043535,-0.0018655,-0.00096531,-0.0016131,-0.0030864,-0.0034405,-0.001775,-0.00019029,-0.00011177,0.00028715,0.00071737,-9.8917e-05,-0.00086066,-0.0029559,-0.0032902,-0.0013055,0.00045022,0.00061734,-0.0046184,-0.0091219,-0.010452,-0.0097437,-0.0092547,-0.009811,-0.011358
-0.0074875,-0.0052703,-0.0051015,-0.0081732,-0.0096363,-0.0083656,-0.0054585,-0.001532,0.0012972,0.0016762,0.00088894,-0.0010304,-0.0027114,-0.0013539,-0.00024201,-0.0014316,-0.00086399,0.0023261,0.00311,0.001125,-0.0019266,-0.0027529,-0.0033849,-0.0010546,-0.0024639,-0.0039834,-0.0060107,-0.0091514,-0.010677,-0.01039,-0.0099537,-0.0097837
-0.0027083,-0.0023189,-0.004645,-0.0074937,-0.0074511,-0.0053221,-0.0019726,0.0018194,0.0036973,0.0032547,0.0014962,0.00056153,0.00047398,0.0015793,0.0023725,0.0004208,-0.0064505,-0.0035991,0.0048904,0.0020213,-0.00049827,-0.00014352,0.0013644,-0.0021137,-0.0042873,-0.002896,-0.0047549,-0.0092635,-0.011501,-0.010235,-0.0082634,-0.0082935
-0.0028584,-0.0017206,-0.0034508,-0.0046179,-0.003771,-0.0017763,0.0011059,0.0037205,0.0048387,0.0035103,0.0018543,0.0012764,0.0023776,0.00441,0.0046765,0.0013746,-0.00052105,0.0030058,0.0037156,0.0029067,0.0011488,0.001776,0.0052704,0.0043465,-0.00092122,-0.0004806,-0.0041367,-0.009839,-0.012296,-0.0097005,-0.0076854,-0.0088398
-0.0016553,-0.0012708,-0.0024177,-0.0026693,-0.0017002,0.00034616,0.002472,0.0042826,0.005461,0.0043243,0.0024804,0.0016758,0.0035506,0.005153,0.0051889,0.0024388,-0.00063746,-0.0020101,-0.0010732,0.0053834,0.0025657,0.0018907,0.0026538,-0.0013433,0.0044855,0.00047662,-0.0055454,-0.012058,-0.014394,-0.012117,-0.0097289,-0.011461
-0.00024113,-0.00070063,-0.0010348,-0.001227,-0.00028248,0.00088607,0.0025909,0.0039216,0.004964,0.0049787,0.0031118,0.001812,0.002849,0.0039237,0.0045458,0.0028871,0.00125,-0.0017985,-0.0036889,-0.001046,0.0034084,0.0018556,0.0009624,-0.0014893,-0.0015514,0.00030128,-0.0063886,-0.015038,-0.01668,-0.014181,-0.012384,-0.012661
-0.00084391,-0.0011635,-0.00035732,-0.00040263,0.00042145,0.001396,0.0024102,0.0034613,0.0037972,0.0031322,0.0019094,0.00074158,0.0013661,0.0019772,0.0028858,0.00266,0.0036811,-0.00068691,-0.0048806,-0.0025015,0.002373,0.0010238,0.0014295,0.00194,0.0013764,-0.0013709,-0.0087862,-0.016468,-0.018103,-0.015287,-0.013476,-0.012457
-0.0011319,-0.0022912,-0.0012353,-0.00053241,0.00049837,0.0013606,0.002269,0.0031937,0.0033827,0.0024705,0.00060184,-0.00068698,-9.3691e-05,0.0010711,0.0020347,0.0023642,0.0043259,0.0051903,-0.0042701,-0.0047584,-0.0033141,0.0031192,0.0018754,0.0016886,0.0019772,0.00099429,-0.0077699,-0.015632,-0.017005,-0.015799,-0.014011,-0.011499
-0.00061469,-0.0017729,-0.0015477,-0.0014721,-0.00042059,0.00080473,0.0019455,0.0028921,0.0034083,0.002288,-0.00053209,-0.001892,-0.0011839,-0.00036733,0.0013954,0.0023023,0.0041925,0.0062256,-0.0066826,-0.0072795,0.0053706,0.0049007,0.0041506,0.0014158,0.0036554,0.0010067,-0.0046755,-0.011038,-0.013733,-0.016271,-0.015294,-0.01313
-0.0017055,-0.0015665,-0.0012931,-0.0017884,-0.0010224,0.00034097,0.0015637,0.0034596,0.0040419,0.0024116,-0.0005808,-0.0014684,-0.0014411,-0.0016034,0.00032744,0.0018753,0.0034446,0.0060831,0.0058836,-0.0092995,0.005314,0.0055942,0.0055388,0.0023971,-0.00027266,-0.002505,-0.0018184,-0.0064362,-0.0096481,-0.015041,-0.017145,-0.015022
-0.00095472,-0.00051594,-0.00045099,-0.001322,-0.00070338,0.00066525,0.0025056,0.0042751,0.0042762,0.0025477,0.00095794,-0.00021446,-0.0013455,-0.0025448,-0.0013721,2.3923e-05,0.0020195,0.0051319,0.0068809,0.0076497,-0.0006652,0.0082971,0.0083063,0.006362,0.0035597,-0.0011259,0.00047623,-0.0022211,-0.0067391,-0.012981,-0.017201,-0.017357
0.0004964,0.00062033,0.000718,-0.00015627,0.00034952,0.001777,0.003855,0.0050653,0.0049785,0.0035321,0.0018378,0.0013557,-0.00052659,-0.002285,-0.0019688,-0.0010066,0.00067513,0.003442,0.0067209,0.0089112,0.012923,0.011737,0.010024,0.0085328,0.0059807,0.0018102,-0.0022884,-0.0019291,-0.0032856,-0.0095982,-0.014356,-0.0158
0.00073573,0.0010569,0.0013466,0.0011759,0.0021534,0.0039963,0.0055612,0.0053881,0.0054257,0.0048304,0.0036144,0.0029622,0.0014602,-0.0005033,-0.0012375,-0.0011429,-6.4218e-05,0.0023409,0.005148,0.0076097,0.011788,0.011871,0.0096321,0.0079387,0.005882,0.0034302,-0.00095986,-0.0049783,-0.0067449,-0.0062691,-0.010734,-0.012853
0.0019966,0.0018176,0.0023263,0.002321,0.0038984,0.0058565,0.0065866,0.0056788,0.0052609,0.0053198,0.0049805,0.0048249,0.0034827,0.0012833,0.00013173,-0.00018365,-0.00044959,0.001992,0.0042567,0.0063139,0.0090766,0.010025,0.0076327,0.0057361,0.0045492,0.0028097,-0.00019663,-0.002377,-0.005,-0.0058811,-0.0072368,-0.0081379
0.0026196,0.0026979,0.0034657,0.0034727,0.0052642,0.0069502,0.0072174,0.0057022,0.0050169,0.0053709,0.0049873,0.0051914,0.0042118,0.002104,0.0010213,-0.00029625,-0.00095874,0.00098611,0.0034008,0.0049859,0.0065029,0.0070484,0.005135,0.0038023,0.0032618,0.0025358,0.00055078,-0.0013583,-0.003663,-0.0051695,-0.0063187,-0.0062937
0.0036093,0.0036071,0.0041691,0.0039452,0.0059296,0.007267,0.0074879,0.006041,0.0053262,0.0057184,0.0052293,0.0048633,0.0039269,0.0017893,0.00027676,-0.0017749,-0.0032764,-0.0011143,0.0021477,0.0039175,0.0049445,0.0053537,0.0036954,0.0032494,0.0032166,0.003481,0.0022318,-0.00010377,-0.0024274,-0.0036879,-0.0036313,-0.002874
0.0038862,0.0038828,0.0045554,0.004509,0.0053809,0.0065744,0.0070842,0.006626,0.0061106,0.0068121,0.0063927,0.0055791,0.0028902,0.00022046,-0.0011532,-0.0044272,-0.0060454,-0.0027005,0.00069773,0.0026568,0.0042292,0.0048367,0.0035715,0.0041375,0.0049292,0.0050304,0.0030809,0.0016567,0.0014962,0.0010478,0.00045035,-0.00010516
0.0038014,0.0030458,0.0047242,0.0045917,0.0049374,0.006335,0.0066576,0.0059134,0.005809,0.0065831,0.007267,0.0066441,0.0020221,-0.0019479,-0.0040057,-0.00768,-0.0081133,-0.0043578,-0.0014784,0.0008201,0.0026037,0.003725,0.0033042,0.0042258,0.005698,0.0060851,0.0045818,0.0032628,0.0030658,0.00286,0.0018527,0.00035629
0.0036748,0.0026846,0.0043817,0.0040477,0.0045685,0.0061093,0.0058657,0.0045848,0.0037439,0.0055474,0.0073895,0.0077846,0.0024798,-0.0031027,-0.0061028,-0.010116,-0.010038,-0.006519,-0.0037529,-0.0016783,8.9565e-05,0.0026508,0.0038021,0.0052911,0.0067993,0.0070372,0.0059969,0.0052884,0.0047351,0.0048366,0.0037187,0.0013266
0.0054601,0.0037594,0.0042195,0.0039326,0.0046705,0.0058437,0.0049097,0.0031846,0.0030155,0.0047205,0.0061269,0.0071247,0.0017701,-0.0041607,-0.0081624,-0.012227,-0.012344,-0.0091207,-0.0060542,-0.0039665,-0.0015733,0.0018341,0.0038891,0.0061488,0.0079771,0.0084001,0.0076527,0.0064775,0.0053319,0.0054329,0.0049488,0.001922
0.0070181,0.0051955,0.0045718,0.0041874,0.004847,0.0052978,0.004182,0.0028932,0.0027118,0.0033479,0.0042593,0.0042936,-0.00030731,-0.005494,-0.0099609,-0.014482,-0.015221,-0.011719,-0.0080432,-0.0047856,-0.0013852,0.0012523,0.0030678,0.0053406,0.007973,0.0088786,0.0083873,0.0073509,0.0056098,0.0053635,0.0055026,0.0023151
0.009036,0.0065161,0.0047052,0.0042093,0.0049829,0.0047816,0.0035213,0.0026218,0.0022764,0.0017831,0.0018163,0.0020267,-0.0021717,-0.0076552,-0.011711,-0.016579,-0.017882,-0.014244,-0.0096187,-0.0060061,-0.002426,-9.58e-05,0.002181,0.0046319,0.0074836,0.0090333,0.0089354,0.0085312,0.0066346,0.0061606,0.006012,0.0034083
0.0098826,0.0076455,0.0054276,0.0050748,0.0053047,0.0047122,0.0031514,0.0023711,0.002504,0.0021054,0.0013563,0.00095697,-0.003208,-0.0088804,-0.013394,-0.017603,-0.018788,-0.015788,-0.010398,-0.0065008,-0.0034068,-0.00090656,0.0021081,0.0046771,0.0074005,0.0097326,0.0095999,0.0085963,0.007716,0.007237,0.006975,0.0040797
0.01019,0.0084075,0.0069042,0.0062133,0.0064676,0.0057308,0.0031818,0.0021225,0.0022788,0.0017862,0.00098681,-0.00083775,-0.0052442,-0.010624,-0.015636,-0.01873,-0.018482,-0.01505,-0.011201,-0.0077267,-0.0038354,-0.0011431,0.0024947,0.005028,0.0082188,0.010989,0.011567,0.010028,0.0091411,0.0084914,0.0076281,0.0054481
0.012276,0.010828,0.0084635,0.0068862,0.0068399,0.0059154,0.0037124,0.0023768,0.0014655,0.00077384,0.0001248,-0.0021782,-0.0064967,-0.012293,-0.016998,-0.019739,-0.018859,-0.015756,-0.012137,-0.008117,-0.0037577,-0.0012778,0.0022723,0.0053497,0.0089121,0.01164,0.012096,0.01119,0.010967,0.0099295,0.008689,0.0071084
0.013097,0.011923,0.0091233,0.0071761,0.0064024,0.0055266,0.0040338,0.0029949,0.0011973,-0.00050348,-0.0013497,-0.0041898,-0.0090484,-0.014265,-0.018828,-0.021394,-0.020798,-0.017519,-0.0139,-0.0097666,-0.0051598,-0.00074232,0.0027387,0.0065568,0.0096635,0.012131,0.01308,0.012313,0.011654,0.010875,0.009225,0.0087065
0.013168,0.012088,0.0090919,0.0067914,0.0057947,0.004752,0.0040225,0.0039046,0.0015009,-0.0012214,-0.0032106,-0.0076625,-0.012219,-0.016688,-0.021052,-0.023657,-0.023331,-0.020612,-0.0162,-0.011136,-0.0062706,-0.001529,0.0022449,0.0064323,0.0089504,0.011334,0.01375,0.013097,0.011945,0.011003,0.0093235,0.0094011
0.014141,0.012553,0.0092685,0.0065595,0.0054819,0.0040365,0.0040686,0.0040995,0.0014398,-0.0011583,-0.003964,-0.0085161,-0.013274,-0.018118,-0.022526,-0.025739,-0.025875,-0.02258,-0.016891,-0.011385,-0.0071672,-0.0027951,0.0017401,0.0057571,0.00826,0.011552,0.014552,0.014346,0.013202,0.011792,0.0097299,0.0091224
0.014991,0.012277,0.0084874,0.006224,0.0051094,0.0035277,0.0035292,0.0034813,0.001409,-0.0011026,-0.004387,-0.0093189,-0.014106,-0.019321,-0.024697,-0.028128,-0.027356,-0.023073,-0.017209,-0.012148,-0.0079183,-0.003467,0.00087488,0.0044051,0.0075744,0.012003,0.015177,0.015446,0.014997,0.01271,0.0099119,0.0084146
0.015605,0.011862,0.0084111,0.0063271,0.0049533,0.0037308,0.0036724,0.0029207,0.0010024,-0.0013294,-0.0042667,-0.0096132,-0.015573,-0.02138,-0.027363,-0.030626,-0.028154,-0.023546,-0.018307,-0.013284,-0.008402,-0.0047626,-0.0010826,0.0029168,0.0067964,0.011289,0.014565,0.015032,0.014607,0.012061,0.0095895,0.009524
0.016973,0.012397,0.0095326,0.0063344,0.0046713,0.003809,0.0033074,0.0021554,0.0001716,-0.0019212,-0.0037675,-0.0087611,-0.016496,-0.023587,-0.029874,-0.032925,-0.030125,-0.025733,-0.020857,-0.015199,-0.0097117,-0.0058581,-0.0030345,0.0011599,0.0062791,0.010705,0.013497,0.013964,0.012694,0.011027,0.010224,0.010677
0.018131,0.013005,0.01017,0.0062039,0.0038982,0.0029418,0.0020156,0.00094008,-0.00082605,-0.0025677,-0.0039096,-0.0094623,-0.017226,-0.025251,-0.031861,-0.035934,-0.034605,-0.030114,-0.024148,-0.017307,-0.0099493,-0.0068708,-0.0048277,0.00026602,0.0052929,0.010051,0.013351,0.013947,0.012681,0.011944,0.011223,0.011454
0.018964,0.013813,0.0098457,0.0055365,0.0025569,0.0015186,0.00021291,-0.0013368,-0.0027423,-0.0034801,-0.0049,-0.010238,-0.017438,-0.026741,-0.034511,-0.039718,-0.039812,-0.035137,-0.026882,-0.018907,-0.011439,-0.0079499,-0.0051913,-0.00087649,0.0039722,0.0097044,0.013916,0.014626,0.013769,0.013429,0.012697,0.011069
0.0198,0.014783,0.0093172,0.0049146,0.0017454,0.00055195,-0.0011737,-0.0028889,-0.0040724,-0.0050036,-0.0060773,-0.0093775,-0.01741,-0.02781,-0.036219,-0.041436,-0.041539,-0.037078,-0.028905,-0.020893,-0.014647,-0.0099561,-0.0063628,-0.001839,0.0028546,0.0093207,0.014056,0.015715,0.015237,0.014487,0.01328,0.010441
0.019492,0.014683,0.0089123,0.0045969,0.0010566,-0.0010336,-0.0032455,-0.0047549,-0.0053074,-0.0064373,-0.0072815,-0.01099,-0.019337,-0.029474,-0.037139,-0.041693,-0.04127,-0.036779,-0.030409,-0.02312,-0.016604,-0.011352,-0.0064874,-0.0021538,0.0023295,0.0087331,0.014004,0.016308,0.016263,0.015453,0.013464,0.011216
0.018914,0.013398,0.0080911,0.0036597,0.00030529,-0.0026133,-0.0050863,-0.006149,-0.0064233,-0.0080121,-0.0091368,-0.013197,-0.020994,-0.030429,-0.037291,-0.041574,-0.040986,-0.037241,-0.031872,-0.02524,-0.018386,-0.012278,-0.0074466,-0.0029934,0.0018404,0.0078847,0.013582,0.016684,0.01657,0.015439,0.012907,0.010769
0.01839,0.012276,0.0076186,0.003201,-0.00061303,-0.0037192,-0.0061783,-0.0069325,-0.0076199,-0.0085689,-0.0099395,-0.013905,-0.022298,-0.031426,-0.038266,-0.042384,-0.041572,-0.037787,-0.032747,-0.026556,-0.020023,-0.013609,-0.0088025,-0.0042929,0.0015283,0.0076756,0.013961,0.01787,0.017072,0.014757,0.012354,0.010191
0.018104,0.012088,0.0078282,0.0024823,-0.0022795,-0.0053582,-0.0075868,-0.0081216,-0.0084559,-0.0094483,-0.009846,-0.014371,-0.023854,-0.03331,-0.039431,-0.042731,-0.042411,-0.039051,-0.034155,-0.028348,-0.02131,-0.015406,-0.010399,-0.0052972,0.00074926,0.007211,0.013599,0.016847,0.016141,0.014196,0.012059,0.010355
0.016683,0.011059,0.0064767,0.0013384,-0.0030682,-0.0065856,-0.0086089,-0.0090142,-0.0098248,-0.010865,-0.010536,-0.014165,-0.023814,-0.033028,-0.038941,-0.043045,-0.044615,-0.041314,-0.035293,-0.029284,-0.024021,-0.018008,-0.012395,-0.0061168,9.0277e-05,0.0071608,0.013712,0.01684,0.016413,0.014426,0.012701,0.011302
0.015258,0.0098277,0.0052711,0.0006309,-0.0034843,-0.0072997,-0.00892,-0.0096639,-0.011424,-0.011559,-0.01096,-0.014128,-0.023172,-0.032145,-0.039443,-0.045202,-0.046645,-0.041546,-0.034183,-0.029274,-0.024884,-0.019829,-0.013172,-0.007582,-0.0010279,0.0069695,0.013589,0.016543,0.016398,0.015646,0.014057,0.011965
0.015234,0.010543,0.0060072,0.00050135,-0.0048713,-0.0083133,-0.009492,-0.010037,-0.011319,-0.012062,-0.012345,-0.014922,-0.023288,-0.032415,-0.040666,-0.045335,-0.045126,-0.039811,-0.032235,-0.026904,-0.023819,-0.020556,-0.014987,-0.0095427,-0.0023357,0.005995,0.012321,0.014831,0.015674,0.016369,0.01496,0.011712
0.014582,0.010046,0.0051126,-0.00089371,-0.0064605,-0.0092631,-0.0089199,-0.0090444,-0.010428,-0.012129,-0.013846,-0.01646,-0.023796,-0.032614,-0.039895,-0.042846,-0.042337,-0.038596,-0.031954,-0.026056,-0.023043,-0.020559,-0.016332,-0.011131,-0.0033295,0.0048445,0.010115,0.01287,0.015663,0.017274,0.015151,0.012252
0.013472,0.008647,0.0035524,-0.0028012,-0.0081489,-0.010479,-0.0095131,-0.0084471,-0.0097156,-0.012347,-0.015508,-0.018737,-0.025192,-0.031953,-0.037761,-0.041024,-0.040883,-0.037697,-0.031313,-0.026202,-0.024247,-0.021687,-0.017905,-0.012865,-0.0052431,0.0018156,0.0066642,0.011235,0.016416,0.017969,0.014674,0.012173
0.011533,0.0070209,0.0013617,-0.0047848,-0.0092298,-0.011225,-0.010557,-0.0095302,-0.0099959,-0.013058,-0.015881,-0.019587,-0.02524,-0.031381,-0.037007,-0.040468,-0.03996,-0.03579,-0.029776,-0.026398,-0.026162,-0.023788,-0.019406,-0.014895,-0.008157,-0.0022504,0.0026903,0.0095266,0.015938,0.017318,0.014507,0.012733
0.0097813,0.0049788,-0.0010604,-0.0063624,-0.009703,-0.011802,-0.011839,-0.011052,-0.011752,-0.014042,-0.016601,-0.020219,-0.025572,-0.031944,-0.037197,-0.039183,-0.038052,-0.034263,-0.029305,-0.026504,-0.026559,-0.025242,-0.021631,-0.017095,-0.011347,-0.0052534,0.00046729,0.0074431,0.013908,0.01609,0.014658,0.013215
0.0080577,0.0028023,-0.0033195,-0.0081688,-0.010609,-0.012794,-0.013306,-0.012609,-0.012837,-0.014682,-0.016585,-0.020344,-0.026869,-0.032846,-0.035833,-0.036491,-0.036609,-0.035192,-0.030878,-0.027466,-0.027109,-0.025771,-0.022369,-0.018813,-0.013815,-0.0072839,5.0346e-05,0.006656,0.012431,0.01499,0.014842,0.013786
0.0050559,0.00021941,-0.005504,-0.010015,-0.012411,-0.013986,-0.014423,-0.013946,-0.013903,-0.014601,-0.015247,-0.019229,-0.027904,-0.032478,-0.034382,-0.035468,-0.037826,-0.037762,-0.033721,-0.029835,-0.028533,-0.027162,-0.024235,-0.020422,-0.015786,-0.0089341,-0.00062789,0.0065507,0.012047,0.014507,0.014485,0.012814
0.0027929,-0.002256,-0.0077401,-0.012274,-0.01418,-0.014975,-0.01487,-0.014594,-0.014572,-0.014646,-0.014798,-0.017839,-0.025959,-0.030902,-0.034546,-0.037875,-0.040995,-0.040076,-0.034036,-0.030546,-0.03059,-0.029416,-0.025839,-0.021754,-0.017334,-0.010441,-0.0026152,0.0050204,0.011483,0.01449,0.014653,0.012254
-0.00017239,-0.0051183,-0.010102,-0.01357,-0.015545,-0.015908,-0.014974,-0.013909,-0.013463,-0.014238,-0.014521,-0.017793,-0.024827,-0.031003,-0.035617,-0.038906,-0.041185,-0.037525,-0.031184,-0.029438,-0.030806,-0.030008,-0.026022,-0.022386,-0.017516,-0.010945,-0.0039494,0.0043168,0.010729,0.014055,0.014134,0.012863
-0.0025733,-0.0075402,-0.011676,-0.014222,-0.015697,-0.01625,-0.014686,-0.012595,-0.011813,-0.013432,-0.014851,-0.018342,-0.024387,-0.02993,-0.035493,-0.037922,-0.037873,-0.034541,-0.029368,-0.029613,-0.031168,-0.02976,-0.026628,-0.023319,-0.019176,-0.012684,-0.0054865,0.0026499,0.0087377,0.012201,0.013308,0.013199
-0.0054636,-0.0095747,-0.013026,-0.014749,-0.016005,-0.016387,-0.014945,-0.012733,-0.012343,-0.0142,-0.015881,-0.018807,-0.023947,-0.029594,-0.035976,-0.039433,-0.038022,-0.034184,-0.030315,-0.030597,-0.030973,-0.029241,-0.026803,-0.024246,-0.020579,-0.014031,-0.0064764,0.0012659,0.0074366,0.011386,0.013429,0.01372
-0.0071728,-0.011468,-0.014481,-0.015903,-0.016905,-0.017283,-0.016665,-0.014576,-0.013619,-0.014514,-0.015728,-0.019264,-0.025108,-0.030649,-0.036892,-0.041028,-0.039473,-0.035116,-0.031754,-0.031289,-0.031009,-0.029418,-0.02723,-0.024897,-0.021028,-0.014982,-0.0072977,-8.6893e-06,0.0062328,0.010151,0.012363,0.013031
-0.0092834,-0.012702,-0.015841,-0.017701,-0.018367,-0.018706,-0.018136,-0.015764,-0.01442,-0.015272,-0.016359,-0.020328,-0.026929,-0.032185,-0.037638,-0.041369,-0.041188,-0.03763,-0.033827,-0.032943,-0.031462,-0.029165,-0.027196,-0.025153,-0.021393,-0.015477,-0.0083051,-0.001212,0.005445,0.0097563,0.011307,0.01134
-0.011653,-0.013495,-0.016277,-0.018315,-0.01944,-0.019775,-0.019263,-0.016794,-0.015386,-0.016216,-0.017518,-0.02137,-0.028208,-0.033314,-0.039046,-0.042958,-0.04378,-0.040724,-0.036403,-0.034156,-0.031931,-0.028967,-0.026979,-0.025708,-0.022154,-0.01653,-0.0097647,-0.0027986,0.004061,0.0091291,0.010692,0.010657
-0.013416,-0.013519,-0.015815,-0.017785,-0.019655,-0.019753,-0.018999,-0.017275,-0.01596,-0.016586,-0.018167,-0.021711,-0.027939,-0.032483,-0.038832,-0.043297,-0.044603,-0.042003,-0.037605,-0.034887,-0.032324,-0.029522,-0.027523,-0.026476,-0.022982,-0.017503,-0.011348,-0.0043558,0.0028351,0.0085537,0.010722,0.011015
-0.014743,-0.0148,-0.016319,-0.017965,-0.019916,-0.020168,-0.019079,-0.01746,-0.016126,-0.016641,-0.019056,-0.02283,-0.027691,-0.031969,-0.039126,-0.043675,-0.043905,-0.041329,-0.037646,-0.035114,-0.032251,-0.030091,-0.028192,-0.026536,-0.023471,-0.018313,-0.012535,-0.0055224,0.0016008,0.0070602,0.010039,0.010603
-0.016329,-0.015837,-0.016402,-0.018562,-0.020967,-0.021081,-0.019065,-0.016993,-0.015193,-0.016441,-0.019354,-0.022635,-0.026971,-0.031736,-0.039262,-0.043431,-0.043006,-0.04039,-0.037607,-0.035302,-0.032328,-0.029512,-0.027617,-0.026099,-0.023553,-0.019231,-0.013382,-0.0062273,0.00055017,0.0056217,0.0091139,0.010878
-0.016673,-0.015954,-0.016363,-0.018443,-0.022,-0.022287,-0.019466,-0.01661,-0.014992,-0.016333,-0.018953,-0.021914,-0.026114,-0.031026,-0.038032,-0.041772,-0.042011,-0.040799,-0.038239,-0.035996,-0.032419,-0.02915,-0.026724,-0.025094,-0.023366,-0.019789,-0.013897,-0.0069982,-0.00029151,0.004639,0.0080548,0.010101
-0.016903,-0.016898,-0.017527,-0.019473,-0.023077,-0.023247,-0.019875,-0.016778,-0.01518,-0.016163,-0.018345,-0.021419,-0.025556,-0.030358,-0.037337,-0.041225,-0.042221,-0.041841,-0.039123,-0.036234,-0.032548,-0.029137,-0.025798,-0.024577,-0.023279,-0.019795,-0.014604,-0.0078952,-0.0012056,0.003852,0.0079816,0.0099779
-0.020201,-0.020539,-0.02088,-0.021442,-0.023352,-0.023007,-0.019382,-0.016089,-0.014259,-0.015847,-0.018477,-0.020999,-0.025659,-0.031266,-0.038636,-0.042607,-0.043721,-0.043603,-0.040068,-0.036178,-0.032524,-0.028528,-0.025505,-0.024236,-0.023123,-0.020031,-0.014846,-0.0079447,-0.0013324,0.00376,0.0078643,0.0096991
-0.024905,-0.026164,-0.026505,-0.025594,-0.02508,-0.022653,-0.018249,-0.014585,-0.012514,-0.01422,-0.017644,-0.020798,-0.026449,-0.032709,-0.040202,-0.043985,-0.044949,-0.045465,-0.041273,-0.036218,-0.032141,-0.028262,-0.025028,-0.024245,-0.023289,-0.020374,-0.015069,-0.0080368,-0.0017443,0.003441,0.0072083,0.0084856
-0.02621,-0.030159,-0.032077,-0.030153,-0.028285,-0.023493,-0.017661,-0.013226,-0.010914,-0.012518,-0.016204,-0.020032,-0.026407,-0.033248,-0.040617,-0.04442,-0.046163,-0.046809,-0.041871,-0.035992,-0.031408,-0.027789,-0.024576,-0.023998,-0.023118,-0.020466,-0.015219,-0.0087342,-0.0027689,0.0025542,0.0062933,0.0084023
-0.016768,-0.031223,-0.037279,-0.034513,-0.030878,-0.024544,-0.017568,-0.012704,-0.01062,-0.01192,-0.015464,-0.0198,-0.025595,-0.032595,-0.04118,-0.046235,-0.048479,-0.048305,-0.042818,-0.036068,-0.031298,-0.027058,-0.024605,-0.023674,-0.022603,-0.020014,-0.015402,-0.010283,-0.0044988,0.0012377,0.0053901,0.0077133
-0.010952,-0.015264,-0.043745,-0.03891,-0.031917,-0.024838,-0.017588,-0.012467,-0.010765,-0.01183,-0.014457,-0.018239,-0.023607,-0.030985,-0.040612,-0.047343,-0.050231,-0.049105,-0.042776,-0.035911,-0.029924,-0.026238,-0.024207,-0.023271,-0.022295,-0.019649,-0.015746,-0.011147,-0.0058208,-0.00016548,0.0048248,0.0073923
-0.001186,-0.0072951,-0.025196,-0.031231,-0.02929,-0.021943,-0.014696,-0.010734,-0.010238,-0.011837,-0.013966,-0.016981,-0.021844,-0.028281,-0.038085,-0.045659,-0.04947,-0.048875,-0.042444,-0.035427,-0.029535,-0.025462,-0.023553,-0.022618,-0.021409,-0.019401,-0.016094,-0.011203,-0.0065084,-0.0013889,0.0038477,0.0071218
0.0092295,0.0074924,-0.0025251,-0.024972,-0.024041,-0.019192,-0.014039,-0.010604,-0.0097067,-0.01137,-0.013717,-0.016613,-0.021031,-0.026294,-0.035999,-0.044809,-0.049507,-0.04879,-0.042586,-0.035241,-0.029134,-0.025057,-0.0231,-0.022277,-0.020927,-0.019032,-0.015578,-0.011351,-0.0067674,-0.0019298,0.0015976,0.0049572
0.016061,0.016165,0.0094732,0.0013289,-0.019487,-0.016592,-0.013974,-0.011235,-0.0096391,-0.010767,-0.013286,-0.016487,-0.020757,-0.026421,-0.036277,-0.045715,-0.050343,-0.049101,-0.042899,-0.035024,-0.028944,-0.024681,-0.022644,-0.021571,-0.020274,-0.017946,-0.014896,-0.010816,-0.0064683,-0.0024213,-0.00014324,0.0030087
0.017956,0.01878,0.01511,0.011686,0.0056053,-0.0023719,-0.012771,-0.010673,-0.009346,-0.010544,-0.013262,-0.016411,-0.020297,-0.026262,-0.036234,-0.045193,-0.050078,-0.049515,-0.04266,-0.034173,-0.028514,-0.024281,-0.022098,-0.021083,-0.020002,-0.018018,-0.01441,-0.010056,-0.0055583,-0.002615,-0.00056975,0.002033
0.017462,0.018528,0.016699,0.014974,0.012436,0.0034439,-0.0099908,-0.0089075,-0.0082359,-0.010004,-0.014056,-0.016262,-0.019645,-0.025704,-0.035002,-0.043028,-0.049094,-0.049555,-0.042523,-0.034378,-0.028415,-0.024236,-0.021834,-0.020599,-0.019703,-0.017759,-0.014121,-0.0099168,-0.0063952,-0.0038399,-0.001561,0.00089391
0.020637,0.020787,0.016356,0.010803,0.0065816,-0.00045302,-0.0060489,-0.0079737,-0.0082029,-0.0098719,-0.01392,-0.016679,-0.019697,-0.025292,-0.032842,-0.03969,-0.046484,-0.047891,-0.041663,-0.034428,-0.029045,-0.024759,-0.022322,-0.020576,-0.019589,-0.017607,-0.0144,-0.011093,-0.0084913,-0.0053069,-0.0025475,8.2066e-05
0.026474,0.024718,0.017572,0.009915,0.0025305,-0.0042551,-0.0078643,-0.0075133,-0.008442,-0.0104,-0.013705,-0.016527,-0.019164,-0.024295,-0.030797,-0.036926,-0.044941,-0.047056,-0.041081,-0.034417,-0.028826,-0.025367,-0.022292,-0.020349,-0.018901,-0.017307,-0.015227,-0.012511,-0.0098554,-0.0067011,-0.0034283,-0.0011889
0.026375,0.023574,0.016223,0.0062991,0.0082054,-0.0015764,-0.0047772,-0.0075327,-0.0079135,-0.011237,-0.014339,-0.017385,-0.019466,-0.023433,-0.029157,-0.034913,-0.043681,-0.046608,-0.040557,-0.03334,-0.028725,-0.024776,-0.021264,-0.019231,-0.01794,-0.016968,-0.01579,-0.013375,-0.009992,-0.0066236,-0.0041784,-0.0020251
0.023515,0.0068953,0.0037469,0.0054528,0.0078091,0.0054371,-0.0010916,-0.0059023,-0.011142,-0.013617,-0.015716,-0.018009,-0.020339,-0.023186,-0.027955,-0.033255,-0.041525,-0.044914,-0.03913,-0.03267,-0.027687,-0.023192,-0.019146,-0.017599,-0.016253,-0.015552,-0.015414,-0.01332,-0.0095127,-0.0059141,-0.0040277,-0.0019869
0.010933,0.0074709,0.002938,0.003223,0.0056089,0.0046342,0.0043826,-0.0054103,-0.0108,-0.014256,-0.016532,-0.019804,-0.021803,-0.024061,-0.028141,-0.032919,-0.040405,-0.043099,-0.038116,-0.031767,-0.026844,-0.02251,-0.017944,-0.015497,-0.01414,-0.013752,-0.01364,-0.012327,-0.0094846,-0.0064431,-0.0045007,-0.002607
0.014947,0.0091531,0.0044362,0.0038927,0.0036602,0.0037661,0.0024724,-0.0059254,-0.012378,-0.014575,-0.016844,-0.021202,-0.023614,-0.02497,-0.028814,-0.034135,-0.040267,-0.041441,-0.037216,-0.031318,-0.026087,-0.021479,-0.016416,-0.013772,-0.012667,-0.012592,-0.012009,-0.011188,-0.0096226,-0.0073834,-0.0054564,-0.0032323
0.017057,0.0096665,0.004845,0.0036986,0.00036318,-0.0019186,-0.0023074,-0.0075097,-0.0091835,-0.015911,-0.01908,-0.024153,-0.026431,-0.026475,-0.029306,-0.034174,-0.039061,-0.04068,-0.037363,-0.031541,-0.026318,-0.021658,-0.017371,-0.0151,-0.012999,-0.012295,-0.011752,-0.011961,-0.010912,-0.0084464,-0.0062302,-0.0039754
0.016004,0.0089088,0.0034566,0.0018132,-0.0041521,-0.0046585,-0.0073949,-0.01124,-0.0088884,-0.018953,-0.022526,-0.027268,-0.028632,-0.027734,-0.029172,-0.033513,-0.038584,-0.041784,-0.039029,-0.032694,-0.026834,-0.022885,-0.01894,-0.016154,-0.013796,-0.012604,-0.012426,-0.012222,-0.011554,-0.0091893,-0.0068531,-0.0048404
0.018753,0.011543,0.0051834,0.0018856,-0.0018294,-0.0030487,-0.0056251,-0.0079029,-0.011444,-0.012342,-0.022481,-0.027715,-0.029168,-0.028249,-0.029159,-0.031825,-0.036406,-0.041522,-0.041759,-0.035618,-0.02763,-0.023128,-0.01905,-0.01566,-0.013676,-0.013066,-0.012759,-0.011829,-0.011352,-0.010023,-0.0078825,-0.0064357
0.024967,0.014055,0.0068769,0.0023493,-0.0011082,-0.0033739,-0.0050678,-0.0062401,-0.012275,-0.013266,-0.015199,-0.024191,-0.027718,-0.027686,-0.027797,-0.028744,-0.030781,-0.036964,-0.043022,-0.040593,-0.032126,-0.02572,-0.019706,-0.015634,-0.01343,-0.012667,-0.012604,-0.01225,-0.011958,-0.01107,-0.0097928,-0.0077115
0.017835,0.015782,0.0064592,0.0019205,-0.0019498,-0.0028563,-0.0030106,-0.003414,-0.0043294,-0.0060595,-0.011788,-0.015201,-0.022598,-0.024566,-0.024951,-0.025159,-0.025209,-0.03136,-0.043979,-0.047388,-0.040091,-0.033291,-0.024719,-0.018367,-0.013375,-0.011482,-0.011928,-0.013055,-0.012654,-0.011759,-0.010985,-0.0087167
-9.4022e-05,0.012111,0.0097886,0.001819,-0.0011397,-0.0033619,-0.0035546,-0.0036914,-0.0035938,-0.0035924,-0.0073104,-0.015699,-0.018176,-0.020957,-0.021517,-0.022376,-0.023805,-0.021937,-0.032255,-0.051147,-0.048014,-0.041724,-0.032756,-0.023426,-0.015552,-0.012058,-0.012316,-0.013925,-0.013754,-0.012392,-0.011891,-0.0096897
0.0032599,0.0012004,6.1539e-05,-0.0012831,-0.003224,-0.0047375,-0.0045557,-0.0039896,-0.0039278,-0.0041824,-0.0071175,-0.012121,-0.014109,-0.016791,-0.019426,-0.021431,-0.020648,-0.018874,-0.016272,-0.018257,-0.026861,-0.048385,-0.041338,-0.030854,-0.020655,-0.015791,-0.014709,-0.015774,-0.015686,-0.01418,-0.013653,-0.011566
0.0036254,0.0015722,-0.00084397,-0.0017793,-0.0036205,-0.0043098,-0.0050522,-0.0044349,-0.0039854,-0.0046077,-0.0077793,-0.010591,-0.010126,-0.010042,-0.013038,-0.014163,-0.012086,-0.010272,-0.0096593,-0.011898,-0.016938,-0.020113,-0.043937,-0.038481,-0.028337,-0.020133,-0.017049,-0.016505,-0.015996,-0.015432,-0.015091,-0.013886
0.0091222,0.0061105,0.0024418,6.1435e-05,-0.0025826,-0.0042831,-0.0045544,-0.0040479,-0.003443,-0.004124,-0.0094585,-0.0093982,-0.01027,-0.010906,-0.011419,-0.010705,-0.010134,-0.0095701,-0.010965,-0.011553,-0.012933,-0.016215,-0.01673,-0.019135,-0.033744,-0.026128,-0.020182,-0.016782,-0.015377,-0.015301,-0.015667,-0.014882
0.0087662,0.0040658,0.00075262,-0.00074515,-0.0042583,-0.005338,-0.004343,-0.0043094,-0.0040835,-0.004777,-0.011259,-0.010656,-0.011769,-0.011968,-0.011346,-0.011801,-0.011,-0.009741,-0.010281,-0.012728,-0.013669,-0.011079,-0.013779,-0.017583,-0.021437,-0.032468,-0.023445,-0.019033,-0.017225,-0.017551,-0.018252,-0.018276
0.0059067,0.0016163,-0.00072222,-0.0027852,-0.0052358,-0.007715,-0.0062145,-0.0054319,-0.0048086,-0.0046767,-0.013967,-0.010925,-0.010343,-0.012784,-0.013814,-0.013218,-0.012606,-0.011566,-0.01276,-0.012524,-0.012651,-0.010276,-0.011029,-0.017674,-0.022699,-0.035304,-0.030145,-0.025974,-0.023773,-0.022622,-0.020566,-0.012675
0.0028561,0.00059185,-0.0020474,-0.0042964,-0.0049012,-0.0062239,-0.006585,-0.0061264,-0.005182,-0.004183,-0.016439,-0.011571,-0.009644,-0.013776,-0.013795,-0.013303,-0.011638,-0.010894,-0.012851,-0.013732,-0.011918,-0.010883,-0.010347,-0.01411,-0.02148,-0.025538,-0.029691,-0.02778,-0.027723,-0.0293,-0.02616,-0.026145
0.0011127,-0.0016647,-0.0046624,-0.0064841,-0.0066441,-0.0062125,-0.0063583,-0.0060143,-0.0044792,-0.0025779,-0.019406,-0.016078,-0.010701,-0.011959,-0.012591,-0.011856,-0.011255,-0.011288,-0.013002,-0.01321,-0.012966,-0.011004,-0.01198,-0.010516,-0.013421,-0.024182,-0.031529,-0.037153,-0.039971,-0.039326,-0.033947,-0.03102
0.00076833,-0.0025383,-0.005761,-0.0077416,-0.0075607,-0.0072722,-0.0070167,-0.0058893,-0.0042684,-0.0020854,-0.0020278,-0.020848,-0.015275,-0.012376,-0.012462,-0.011726,-0.011077,-0.010583,-0.01089,-0.011762,-0.011514,-0.011541,-0.012531,-0.012988,-0.011161,-0.01735,-0.025602,-0.029223,-0.031103,-0.031416,-0.031269,-0.029758
0.000702,-0.0022555,-0.0055195,-0.0070868,-0.0073115,-0.0077225,-0.0072411,-0.0061537,-0.003981,-0.0028939,-0.022387,-0.023704,-0.019665,-0.014458,-0.011262,-0.010643,-0.010339,-0.01055,-0.010676,-0.010049,-0.0098074,-0.010951,-0.012297,-0.012949,-0.017014,-0.021464,-0.027121,-0.029956,-0.032117,-0.033827,-0.035281,-0.031757
-4.3262e-05,-0.0023638,-0.0051896,-0.0066697,-0.0073283,-0.0070931,-0.0066457,-0.0059756,-0.0046034,-0.0030305,-0.003837,-0.020267,-0.020952,-0.017814,-0.011578,-0.0085338,-0.0091696,-0.0097203,-0.010549,-0.0097422,-0.0086696,-0.0091373,-0.011241,-0.012477,-0.021077,-0.031409,-0.038386,-0.041308,-0.040811,-0.039948,-0.038215,-0.031688
-0.00049908,-0.0025129,-0.0048544,-0.0062652,-0.0067344,-0.0063557,-0.0059155,-0.0057879,-0.0048589,-0.0031972,-0.0029507,-0.0033263,-0.019165,-0.018719,-0.01402,-0.0089551,-0.0089569,-0.0089334,-0.0097125,-0.010001,-0.0092054,-0.0085902,-0.0092177,-0.012423,-0.019609,-0.03081,-0.035646,-0.035935,-0.035801,-0.032899,-0.027373,-0.023981
