0.056234,0.038699,0.027565,0.02799,0.046275,0.054524,0.048899,0.034799,0.013022,-0.012125,-0.011963,-0.011845,0.012897,-0.011643,-0.011165,-0.010368,-0.018931,-0.022395,-0.018459,-0.017462,-0.014399,-0.011837,-0.0095639,-0.0073016,-0.0056266,-0.0050879,-0.0067484,-0.0086299,-0.0084776,-0.0091661,-0.013221,-0.015618
0.10881,0.096273,0.075742,0.066655,0.065521,0.064235,0.054516,0.038164,0.013723,-0.0074438,-0.011696,-0.010177,-0.0098074,0.0010163,-0.015226,-0.016459,-0.019793,-0.018537,-0.019337,-0.016676,-0.01397,-0.0135,-0.010517,-0.0073879,-0.0059226,-0.006432,-0.0090597,-0.010204,-0.0094378,-0.010534,-0.013436,-0.014086
0.14627,0.13693,0.11608,0.093011,0.077407,0.065509,0.053222,0.039514,0.016521,-0.0072539,-0.02377,-0.0065377,-0.0066439,-0.0085138,-0.01045,-0.010539,-0.01371,-0.01662,-0.013544,-0.013198,-0.011182,-0.011745,-0.012701,-0.011257,-0.0092516,-0.0096942,-0.011961,-0.012273,-0.0095988,-0.010672,-0.013336,-0.013029
0.13976,0.14843,0.12474,0.10068,0.077826,-0.0057303,0.0039968,0.041979,0.027987,0.0046115,-0.015499,-0.0011637,-0.0075438,-0.011711,-0.014559,-0.015156,-0.014722,-0.015891,-0.016143,-0.0069401,-0.0081935,-0.0091312,-0.01366,-0.013706,-0.011344,-0.010524,-0.010927,-0.010658,-0.010386,-0.01151,-0.014568,-0.013716
0.10664,0.12181,0.10864,0.10191,0.07704,-0.010647,-0.009003,-0.011426,0.030311,0.0077341,-0.0042001,-0.0062966,-0.0091394,-0.012579,-0.014095,-0.01601,-0.01378,-0.012745,-0.012905,-0.010968,-0.0083002,-0.0077343,-0.014075,-0.016345,-0.013243,-0.011292,-0.010823,-0.011764,-0.015124,-0.018707,-0.020124,-0.017546
0.084842,0.097859,0.099607,0.10021,0.075366,-0.0043153,-0.0096164,-0.010141,-0.009828,-0.0097966,-0.0081778,-0.0092769,-0.011937,-0.012573,-0.016791,-0.025864,-0.021906,-0.01504,-0.014861,-0.009719,-0.0084818,-0.0048342,-0.014988,-0.019515,-0.018652,-0.01705,-0.015421,-0.015128,-0.017903,-0.022667,-0.024087,-0.021768
0.079551,0.096349,0.09969,0.093894,0.064952,0.0022024,-0.0066578,-0.00596,-0.0062203,-0.0073657,-0.008593,-0.011073,-0.013215,-0.014912,-0.032136,-0.025822,-0.017664,-0.017236,-0.018805,-0.018209,-0.0081819,-0.0036701,-0.011812,-0.017424,-0.019416,-0.020867,-0.020716,-0.021029,-0.023934,-0.031052,-0.032488,-0.029504
0.080007,0.10185,0.098743,0.079056,0.011677,0.0067065,-0.0044939,-0.0055411,-0.0069624,-0.010011,-0.01192,-0.011289,-0.011803,-0.013689,-0.03221,-0.02106,-0.014558,-0.015404,-0.01762,-0.01517,-0.01219,-0.00715,-0.012703,-0.015996,-0.017087,-0.017758,-0.02124,-0.022078,-0.00078442,-0.00157,-0.0032425,-0.031225
0.093795,0.10756,0.089538,0.057654,-0.0046626,0.0035905,-0.0062132,-0.0083599,-0.01195,-0.014493,-0.014967,-0.012516,-0.012315,-0.034825,-0.026617,-0.015948,-0.012993,-0.016896,-0.01417,-0.012316,-0.0073744,-0.0048999,-0.0096946,-0.013514,-0.013911,-0.011366,-0.013469,0.011288,0.01651,0.017053,0.017417,0.016562
0.09936,0.098666,0.072454,-0.012445,-0.0029007,-0.0015528,-0.0077377,-0.010615,-0.016263,-0.017106,-0.015108,-0.013381,-0.015761,-0.035502,-0.018041,-0.016423,-0.015821,-0.013849,-0.018609,-0.013297,-0.0044027,-0.0049301,-0.0064559,-0.0078492,-0.0073404,-0.0039111,-0.0066091,0.023514,0.028142,0.030333,0.032882,0.03448
0.084304,0.079597,0.010624,-0.011022,0.0019451,-0.0073961,-0.0081349,-0.0093232,-0.016489,-0.016519,-0.015741,-0.017213,-0.019663,-0.02112,-0.020963,-0.020729,-0.017809,-0.029425,-0.023542,-0.014305,-0.002777,-0.0048297,-0.0041218,-0.0031352,-0.00096848,0.0013615,0.022114,0.026845,0.035833,0.039821,0.040498,0.041886
0.030897,0.00055594,-0.0023505,-0.0064517,-0.0099425,-0.01128,-0.011822,-0.012378,-0.013044,-0.011527,-0.014116,-0.01616,-0.016596,-0.019569,-0.020752,-0.022211,-0.020749,-0.030744,-0.022263,-0.014872,-0.0063411,-0.0068104,-0.0044718,-0.00041044,-0.001236,0.0047892,0.0197,0.023816,0.033327,0.04216,0.043348,0.043129
0.014765,0.00096972,-0.0040283,-0.011652,-0.010771,-0.0086833,-0.010491,-0.013235,-0.012303,-0.012606,-0.01677,-0.016343,-0.012457,-0.017877,-0.018144,-0.021303,-0.018594,-0.014553,-0.016129,-0.016225,-0.012491,-0.0088882,-0.0053027,0.0001356,-0.0014977,0.0078533,0.0064788,0.011959,0.023225,0.034637,0.04168,0.04164
-0.013137,-0.019332,-0.016881,-0.012904,-0.0060343,-0.0068097,-0.012432,-0.015906,-0.016401,-0.017179,-0.025087,-0.016117,-0.018748,-0.020458,-0.017503,-0.01868,-0.016471,-0.012132,-0.012196,-0.012645,-0.012966,-0.0064914,-0.005576,-0.0034717,0.0090079,0.0041057,-0.0024793,-0.0034858,0.0064976,0.024701,0.037035,0.035689
-0.011196,-0.016474,-0.01286,-0.0088722,-0.0075752,-0.01288,-0.018653,-0.021185,-0.020592,-0.019991,-0.024397,-0.028211,-0.023503,-0.019947,-0.019618,-0.020861,-0.019028,-0.017086,-0.015532,-0.014214,-0.013786,-0.0047585,-0.0034097,0.00066031,0.010163,0.004904,-0.010088,-0.015632,-0.0036819,0.014911,0.029884,0.02834
-0.023619,-0.016345,-0.0073232,-0.0094921,-0.01832,-0.023354,-0.025129,-0.024102,-0.021844,-0.020139,-0.021206,-0.023988,-0.024163,-0.022203,-0.020818,-0.024989,-0.026036,-0.02323,-0.019678,-0.015151,-0.012096,-0.0031022,0.0051622,0.0071338,0.0093215,0.0037514,-0.01371,-0.018648,-0.008623,0.010257,0.024328,0.023576
-0.01768,-0.010779,-0.0059991,-0.012645,-0.020404,-0.024301,-0.023671,-0.018725,-0.014767,-0.014019,-0.017125,-0.022647,-0.026297,-0.023859,-0.019938,-0.023726,-0.026244,-0.020664,-0.015573,-0.014328,-0.010531,-0.003823,-0.00070731,0.0026298,0.0062013,0.0013053,-0.010516,-0.012765,-0.0070285,0.0063396,0.020237,0.02106
0.00041727,-0.0026417,-0.007657,-0.014057,-0.015109,-0.015779,-0.014569,-0.0086308,-0.0065592,-0.0092326,-0.014888,-0.018874,-0.020282,-0.018792,-0.016334,-0.01887,-0.018999,-0.01157,-0.012538,-0.014282,-0.0097603,-0.0026053,0.0092959,0.0027824,0.0038899,0.0013488,-0.0035879,-0.0044008,-0.002604,0.0041385,0.018312,0.018797
0.00014912,-0.0016342,-0.0077949,-0.010219,-0.0079708,-0.0074239,-0.0058366,-0.0030429,-0.002769,-0.0076209,-0.012939,-0.015416,-0.01391,-0.013656,-0.013994,-0.017931,-0.019079,-0.011934,-0.013167,-0.01172,-0.0078951,-0.00098762,0.010403,0.0061034,-0.00061489,0.0034678,0.0045617,0.0023632,0.00033159,0.0045531,0.0145,0.013271
0.0062947,0.0026201,-0.0051379,-0.0067574,-0.0047348,-0.0032825,-0.0023157,-0.001689,-0.0017721,-0.0056289,-0.010622,-0.012613,-0.01051,-0.012526,-0.015446,-0.018475,-0.019078,-0.014149,-0.011889,-0.0046188,-0.006597,-0.0041164,0.0026356,-0.005358,0.0086773,0.0064134,0.010737,0.006926,-0.00049344,0.0027111,0.011832,0.0088504
0.012504,0.0087977,0.00055519,-0.0031646,-0.0038425,-0.0055329,-0.005359,-0.0046032,-0.003815,-0.0045532,-0.0091597,-0.012432,-0.012075,-0.015299,-0.016981,-0.017893,-0.016293,-0.013379,-0.013619,-0.014722,-0.0065237,-0.0070999,-0.0052386,-0.0091722,-0.0033656,0.010771,0.012969,0.0051946,-0.0016857,-0.00012599,0.0095159,0.01089
0.010716,0.010156,0.0061654,-0.0011574,-0.0052691,-0.0092172,-0.010697,-0.0099075,-0.0091362,-0.0099432,-0.01109,-0.015167,-0.017183,-0.019258,-0.019422,-0.01824,-0.013796,-0.012255,-0.013408,-0.014735,-0.0089123,-0.0091316,-0.0033145,0.00096178,0.0033135,0.0034591,0.0041481,0.00084137,-0.0032984,0.0018491,0.010928,0.013823
0.011099,0.008623,0.0064132,0.00041925,-0.0053012,-0.011411,-0.014134,-0.013571,-0.013396,-0.013748,-0.016017,-0.020836,-0.021001,-0.020969,-0.019335,-0.017886,-0.013182,-0.010897,-0.012823,-0.01661,-0.0083279,-0.0073062,-0.0036951,-0.0088908,-0.0022212,-0.00040139,-0.0016756,-0.0016741,-0.00035857,0.0026855,0.011418,0.015127
0.01343,0.010201,0.0075845,0.00063838,-0.0073803,-0.013546,-0.016936,-0.016652,-0.015775,-0.017764,-0.02333,-0.026223,-0.02491,-0.024152,-0.019145,-0.015304,-0.0114,-0.007362,-0.023447,-0.019578,-0.0039237,-0.0052797,-0.0062248,-0.012811,-0.0079738,-0.0067556,-0.006072,-0.0013587,0.0044657,0.0054046,0.01114,0.017807
0.0091542,0.0087668,0.0092209,0.0022622,-0.0066138,-0.012881,-0.016091,-0.014632,-0.014649,-0.018595,-0.025819,-0.027778,-0.027521,-0.029111,-0.023283,-0.015404,-0.009809,-0.0050772,-0.009304,-0.034347,-0.0069051,-0.0071017,-0.0057347,-0.013394,-0.017726,-0.017452,-0.0051846,0.00067306,0.0035822,0.0060546,0.0095627,0.015809
0.010339,0.011235,0.01206,0.0049808,-0.0025837,-0.0078714,-0.0099094,-0.010017,-0.011433,-0.017185,-0.022714,-0.02586,-0.029055,-0.032967,-0.029062,-0.020167,-0.012012,-0.0059323,-0.0068499,-0.0090974,-0.021857,-0.0053932,-0.0042693,-0.0076867,-0.0095632,-0.014715,-0.0050015,0.00042833,0.0023754,0.0041003,0.0061129,0.012266
0.01438,0.014555,0.013751,0.0072152,0.0011152,-0.0025825,-0.0037194,-0.0053027,-0.0065374,-0.0107,-0.017938,-0.020496,-0.025626,-0.031902,-0.030785,-0.022347,-0.014316,-0.01072,-0.0079602,-0.0071407,0.0043329,-0.00063701,-0.004387,-0.0056887,-0.0059021,-0.0076442,-0.011928,-0.0042218,-0.00036716,0.0020105,0.0052604,0.0071421
0.013634,0.014552,0.013416,0.008334,0.0037965,0.0022547,0.00087323,-0.0018687,-0.0019223,-0.0033478,-0.0098108,-0.012708,-0.01808,-0.025919,-0.026858,-0.021289,-0.01572,-0.013908,-0.012973,-0.010616,-0.0019614,-0.0031166,-0.008241,-0.0098011,-0.0093608,-0.0078712,-0.011758,-0.016193,-0.017294,-0.0033297,-0.00068545,0.00030546
0.015318,0.014196,0.012365,0.0084321,0.0069222,0.0058477,0.0045441,0.0014543,0.0016758,0.0014774,-0.0030318,-0.0050847,-0.0095803,-0.018833,-0.020245,-0.016128,-0.014838,-0.013977,-0.013954,-0.013064,-0.0091749,-0.0087874,-0.014662,-0.017763,-0.017598,-0.015503,-0.015298,-0.012929,-0.013382,-0.014325,-0.018174,-0.020704
0.014704,0.01404,0.012676,0.0087108,0.0082636,0.0076121,0.0057078,0.0025352,0.0024931,0.0039825,-0.00032185,-0.0017203,-0.0039991,-0.012161,-0.013655,-0.011283,-0.012615,-0.012616,-0.012541,-0.014749,-0.015637,-0.0155,-0.020352,-0.024723,-0.02393,-0.019902,-0.017289,-0.012967,-0.011296,-0.011975,-0.015181,-0.014162
0.013911,0.012934,0.012237,0.0083703,0.0091133,0.0090724,0.0081725,0.0046328,0.0035742,0.0052981,0.00091033,-0.0012228,-0.0026462,-0.010334,-0.010757,-0.008663,-0.011743,-0.01153,-0.010266,-0.015302,-0.016582,-0.015621,-0.020642,-0.023279,-0.022795,-0.016828,-0.014005,-0.01098,-0.0093638,-0.0092098,-0.0073064,-0.0042533
0.012133,0.011875,0.012205,0.0090179,0.0079468,0.0087267,0.0087097,0.0079916,0.0083776,0.0095885,0.0064241,0.002858,-0.0047375,-0.012304,-0.0090726,-0.0077626,-0.0087241,-0.0071259,-0.0074298,-0.011576,-0.012303,-0.012114,-0.016417,-0.018995,-0.018248,-0.014968,-0.014856,-0.0090713,2.241e-05,0.0023905,0.0017407,0.0012757
0.010141,0.0089119,0.011026,0.0066604,0.0050727,0.0074121,0.0071112,0.0069043,0.008593,0.012053,0.011517,0.0092457,-0.0046322,-0.015299,-0.01128,-0.008568,-0.0060679,-0.0045054,-0.0076406,-0.0093274,-0.0084203,-0.0086594,-0.01429,-0.017356,-0.016153,-0.013684,-0.012415,-0.0070163,0.00024977,0.0016732,0.00036543,-0.0025064
0.0080594,0.0075201,0.0093583,0.0041005,0.003708,0.0067713,0.0059357,0.0046277,0.0066697,0.01275,0.016133,0.015924,0.0012979,-0.013913,-0.011778,-0.0084866,-0.0041829,-0.0045159,-0.0085818,-0.008958,-0.0081015,-0.0067412,-0.0096127,-0.012995,-0.013191,-0.012466,-0.011806,-0.00625,-0.00013055,0.0026902,0.00058689,-0.0028409
0.0092542,0.0084223,0.0073518,0.0028823,0.0041726,0.0063133,0.0046472,0.0035878,0.0078792,0.013723,0.016273,0.018076,0.0042201,-0.0094821,-0.0094447,-0.0068624,-0.0046261,-0.0059778,-0.010719,-0.010271,-0.0066455,-0.0040131,-0.0055829,-0.0077771,-0.0085931,-0.0087363,-0.010259,-0.0085584,-0.0055776,-0.0012015,0.00070994,-0.0048994
0.0083426,0.0067559,0.0048112,0.002556,0.0047249,0.005456,0.0029163,0.0035062,0.0086568,0.013414,0.015198,0.016101,0.0055538,-0.0037719,-0.0047016,-0.0044721,-0.0045118,-0.0066954,-0.010256,-0.0081245,-0.0022485,-0.0023119,-0.0048836,-0.006038,-0.005414,-0.0056136,-0.0069402,-0.0076687,-0.008255,-0.0042755,6.2773e-05,-0.0050085
0.0073878,0.0056953,0.0023664,0.00050458,0.0041892,0.0042709,0.0017898,0.0021982,0.0072072,0.011448,0.013627,0.015729,0.006424,-0.002087,0.00040511,0.0021731,-0.001998,-0.0062708,-0.0088614,-0.0078775,-0.0027212,-0.0030351,-0.0049575,-0.0062951,-0.0047795,-0.0035993,-0.0034596,-0.0040785,-0.0078319,-0.0044169,-0.0018943,-0.0050635
0.0087969,0.0065802,0.0030988,0.00078066,0.0039844,0.0046447,0.0015408,0.0016379,0.007284,0.011915,0.013201,0.014005,0.005203,-0.0022266,0.0029592,0.0081167,0.0028771,-0.0044063,-0.0086673,-0.0079248,-0.0053192,-0.0047786,-0.0038145,-0.005744,-0.0051302,-0.0012085,8.6204e-05,-0.0034288,-0.0071905,-0.0054491,-0.0027677,-0.0070102
0.0077198,0.0058831,0.0032369,0.0016679,0.005245,0.0065562,0.0028338,0.0032889,0.0089545,0.0097982,0.0088497,0.0052249,-0.0020404,-0.0047759,0.0012806,0.0084992,0.0073325,0.0014097,-0.0063003,-0.0073655,-0.0042964,-0.0056187,-0.003339,-0.0037313,-0.0036804,0.00021438,0.002396,-0.0012632,-0.0044034,-0.0035285,-0.0028333,-0.005773
0.0080041,0.0070081,0.0036247,0.0028576,0.0066161,0.0074699,0.0057843,0.0075073,0.0094752,0.007021,0.0043773,8.977e-05,-0.0043388,-0.0062967,-0.0011255,0.0066074,0.007443,0.002247,-0.0044496,-0.004575,-0.002417,-0.0043554,-0.0025532,-0.00074589,0.00011103,0.00080462,-4.9343e-05,-0.0024141,-0.00075006,0.00041352,-0.00036985,-0.0023174
0.0064278,0.006905,0.0042382,0.003898,0.0067508,0.0086622,0.0089506,0.011427,0.010304,0.0054146,0.0022041,-0.0035897,-0.0083139,-0.0082843,-0.0018234,0.0057841,0.0061795,0.0018732,-0.0029478,-0.0019729,-0.00064743,-0.00031293,0.0015909,0.0059034,0.0057038,0.0021262,-0.00054117,-0.0021957,-0.0008306,0.0011618,-7.3026e-05,0.00092229
0.0060283,0.0064881,0.0034088,0.0030015,0.0061827,0.008315,0.010583,0.014462,0.011554,0.0048723,-4.5659e-06,-0.008724,-0.013361,-0.011123,-0.0017249,0.0063578,0.0063393,-0.00071639,-0.0041896,-0.0011735,8.6239e-05,0.002379,0.0046662,0.0080947,0.0053227,0.00028615,-6.5452e-05,-0.00086545,-0.0011755,-0.00052866,-0.0010733,0.0027589
0.010695,0.01006,0.004266,0.0024116,0.0064279,0.0087021,0.012779,0.015933,0.01241,0.0067613,0.00037106,-0.0090274,-0.014028,-0.010845,6.772e-05,0.010235,0.0083916,-0.0010072,-0.0043645,-0.0002375,0.0023032,0.0046966,0.0078834,0.0082903,0.0032245,0.0019206,0.0040812,0.0016316,0.0012059,0.0018771,0.0027264,0.0048387
0.014045,0.01079,0.0027212,0.0018504,0.0068456,0.0092564,0.014209,0.016564,0.013726,0.0082596,-0.00056112,-0.010637,-0.015095,-0.011624,0.00076453,0.012903,0.011633,0.002339,-0.0030515,-0.0013582,0.0017121,0.0056743,0.0082244,0.0055178,0.0028234,0.0065736,0.0082373,0.0054664,0.0076885,0.009528,0.0079494,0.0069524
0.013208,0.0088344,0.0030726,0.0028617,0.0078082,0.011643,0.015792,0.01658,0.014393,0.0091175,0.00023929,-0.010985,-0.01766,-0.013376,-0.0011727,0.012798,0.016445,0.0075998,-0.0017574,-0.0017391,0.0022013,0.0038519,0.0056652,0.0038709,0.0040704,0.0089482,0.009638,0.0065653,0.010123,0.011247,0.0089979,0.010164
0.012089,0.0083385,0.0052881,0.004107,0.0086424,0.013596,0.016297,0.015974,0.013021,0.0082216,0.0028621,-0.0070153,-0.016331,-0.0133,-0.00062273,0.013945,0.021346,0.013154,0.0024841,0.00096504,0.0031476,0.0036575,0.0043305,0.002575,0.0048498,0.0075543,0.0069166,0.0045073,0.0068118,0.0086061,0.0079913,0.0089983
0.011711,0.0065416,0.0055193,0.0037783,0.0074207,0.012213,0.013894,0.013393,0.011341,0.0070465,0.0035521,-0.0064591,-0.014001,-0.012281,-0.00089303,0.014459,0.020871,0.015552,0.0082319,0.0064037,0.00827,0.006228,0.0030039,0.0049139,0.0047206,0.0055105,0.0053831,0.0051105,0.0061943,0.0072446,0.0055113,0.007462
0.010426,0.0060024,0.0041233,0.0043338,0.0064177,0.010126,0.011097,0.0091973,0.0078409,0.0057888,0.0017533,-0.0064514,-0.010586,-0.0076474,0.0031531,0.015283,0.019175,0.014243,0.011458,0.013035,0.013428,0.0094725,0.0074984,0.0053581,0.0023152,0.0029109,0.0034348,0.0050738,0.0079104,0.0086781,0.0054075,0.0034836
0.01153,0.0084757,0.0032789,0.0049549,0.006602,0.0097472,0.008805,0.0066714,0.0057764,0.0026729,-0.00023501,-0.0020766,-0.0042636,-0.0021864,0.0090034,0.021192,0.022683,0.015917,0.013889,0.014415,0.014324,0.011194,0.0092627,0.0064924,0.00069369,0.0003009,0.0015773,0.0055979,0.0092942,0.0075227,0.0031413,-0.00042494
0.01299,0.0098219,0.0039905,0.005657,0.0064025,0.0073175,0.005863,0.0043272,0.0037706,0.00013894,-0.0012133,-0.00056904,0.00064374,0.0045408,0.017425,0.030141,0.0321,0.022947,0.015721,0.01354,0.012801,0.010749,0.010118,0.0053967,-0.0017916,-0.0026326,0.00056178,0.0045686,0.0073054,0.0059307,1.2802e-05,-0.0022047
0.014931,0.0095617,0.0045372,0.005078,0.0059942,0.0049275,0.002902,0.003127,0.0034098,-0.00037391,-0.0012709,0.00066402,0.0042094,0.011357,0.024079,0.035246,0.035684,0.023725,0.012614,0.010262,0.011401,0.010437,0.0072708,0.0023836,-0.0030784,-0.0028226,0.0027432,0.0071462,0.0070223,0.0029004,-0.0037331,-0.0050406
0.015816,0.0093285,0.0064245,0.0053392,0.0050158,0.0030126,0.0014002,0.0033896,0.003943,0.0030124,0.0046539,0.0064364,0.0082069,0.013974,0.025218,0.035153,0.036372,0.023587,0.011265,0.0086776,0.010614,0.0084886,0.0019531,-0.0023024,-0.0024159,-0.001396,0.003796,0.0081832,0.0056848,3.1689e-05,-0.0043108,-0.0061132
0.016775,0.011257,0.011029,0.0069062,0.0030986,0.00094451,9.3193e-05,0.002964,0.0044865,0.006156,0.010212,0.0095385,0.0066,0.010181,0.023313,0.036918,0.037526,0.023886,0.010324,0.0058238,0.0068685,0.0040286,-0.00071259,-0.0035973,-0.0011954,0.00066192,0.0038876,0.0051665,0.0032579,-0.00058834,-0.004498,-0.0075826
0.014843,0.011311,0.011489,0.0081634,0.0043698,0.0012617,0.00083506,0.0046289,0.0045634,0.0039223,0.0076195,0.0074495,0.005476,0.011596,0.025871,0.039254,0.03483,0.019162,0.007372,-0.00020098,-0.0017242,-0.001681,-0.0023611,-0.0020808,-0.00037442,0.0024953,0.0037712,0.0028271,0.001394,-0.002246,-0.0062034,-0.0093146
0.013903,0.01113,0.010814,0.0092566,0.0054877,0.00014727,0.00047158,0.0030223,-2.4856e-05,0.00057647,0.0049195,0.0069406,0.0082354,0.015251,0.02578,0.034347,0.028829,0.016352,0.0075614,-0.00091079,-0.0055729,-0.0056427,-0.0032336,-0.0024205,-0.00018987,0.0038443,0.0044425,0.00021065,-0.0029332,-0.0039273,-0.0067192,-0.010585
0.017197,0.015001,0.013764,0.010162,0.0032746,-0.00255,-0.0036678,-0.0021621,-0.0037979,-0.0017598,0.0024761,0.0062564,0.0087029,0.015017,0.024366,0.034719,0.030031,0.015945,0.0078855,0.0027521,-0.0037621,-0.0060773,-0.0042606,-0.0037768,-6.8931e-05,0.0049668,0.0043768,-0.0032891,-0.0082367,-0.0058696,-0.0064224,-0.012753
0.016432,0.013979,0.010982,0.0062451,0.00039471,-0.0047261,-0.0045334,-0.0033409,-0.0038049,-0.0023771,7.7527e-06,0.0023379,0.0063378,0.014727,0.025576,0.039058,0.033446,0.013769,0.006212,0.0054173,0.0003896,-0.0043865,-0.0036244,-0.0025924,0.0021198,0.0049607,0.0008231,-0.008126,-0.0099723,-0.006059,-0.0073954,-0.011455
0.015522,0.012532,0.0088237,0.0026513,-0.003519,-0.0077041,-0.0060471,-0.0030767,-0.0017639,-0.0018897,-0.0023575,-0.00066558,0.0050735,0.016644,0.028451,0.039277,0.032642,0.013071,0.0060915,0.0043912,-9.5432e-05,-0.0012762,-0.00078634,0.00056853,0.0031864,0.0020253,-0.004507,-0.0092829,-0.0071234,-0.0054361,-0.010728,-0.013647
0.013416,0.012366,0.0077056,0.0011245,-0.0049781,-0.0093897,-0.0089035,-0.0046831,-0.0022674,-0.0027328,-0.0018838,0.00015523,0.0080308,0.01818,0.026436,0.035611,0.029818,0.012851,0.0055002,0.0024711,-0.0023263,-0.00076508,0.0015696,0.0014883,0.00039812,-0.0037569,-0.0099516,-0.0098878,-0.0058777,-0.0073422,-0.012806,-0.011448
0.011976,0.010216,0.0051638,0.00015698,-0.0051076,-0.0098497,-0.0094813,-0.0059523,-0.0035741,-0.0033617,-0.0010188,0.0014956,0.008808,0.015008,0.021162,0.032987,0.030137,0.0122,0.0052371,0.0034659,0.00016514,0.00060525,0.0016796,-3.1391e-05,-0.0036494,-0.0074561,-0.011251,-0.0099981,-0.006786,-0.0091841,-0.012617,-0.010572
0.010018,0.0077759,0.0021496,-0.0026267,-0.0072271,-0.0099303,-0.009331,-0.0055801,-0.0032894,-0.001726,0.0019783,0.002062,0.0035331,0.009868,0.020045,0.035457,0.031813,0.011257,0.0045538,0.0057221,0.0035357,0.0026039,0.0021479,-0.0016933,-0.0070738,-0.010319,-0.01045,-0.0087074,-0.0067237,-0.0090477,-0.01174,-0.0094251
0.0077114,0.0060992,-0.0007545,-0.0066877,-0.0099814,-0.011138,-0.0093485,-0.0059603,-0.0020499,0.0026067,0.0074532,0.0029289,0.00032292,0.0086577,0.022445,0.039255,0.032841,0.011966,0.0043506,0.005983,0.002329,-0.00051529,-0.0015967,-0.0040702,-0.0096955,-0.012809,-0.010524,-0.0074,-0.0054016,-0.0086821,-0.011764,-0.012819
0.0063057,0.0035743,-0.0047648,-0.011617,-0.013006,-0.011704,-0.0099466,-0.0066495,-0.00080459,0.0061682,0.0087204,0.0048095,0.0044163,0.01321,0.026357,0.040129,0.032934,0.012881,0.0071167,0.004517,-0.0036394,-0.0083954,-0.0055836,-0.005619,-0.010269,-0.012066,-0.011703,-0.0071035,-0.0041932,-0.0082004,-0.012736,-0.016256
0.003186,-0.00022504,-0.0084767,-0.013949,-0.014653,-0.013294,-0.010899,-0.0071016,-0.00013251,0.0047764,0.0082969,0.0067388,0.0066816,0.013318,0.025724,0.040871,0.033376,0.014935,0.0086196,0.002859,-0.0081805,-0.010617,-0.0062574,-0.0053451,-0.0076663,-0.0098194,-0.01074,-0.006241,-0.00447,-0.0086027,-0.014166,-0.016072
0.00061867,-0.0037524,-0.010454,-0.013542,-0.013634,-0.013203,-0.01,-0.0052257,0.0024208,0.004608,0.0056222,0.0049053,0.0083614,0.016749,0.026942,0.044381,0.037532,0.013623,0.004389,-0.0029375,-0.010705,-0.0097862,-0.006205,-0.0069775,-0.0098479,-0.008875,-0.0084741,-0.0061697,-0.0067957,-0.011401,-0.015497,-0.016272
-0.0032077,-0.0068225,-0.011125,-0.011765,-0.012319,-0.01247,-0.0093509,-0.0054996,-0.00098992,0.00012118,0.0018971,0.0049094,0.011538,0.01873,0.025959,0.037027,0.031375,0.0083152,-0.0024814,-0.0068821,-0.0099249,-0.008322,-0.0061823,-0.0082286,-0.01083,-0.0092396,-0.0074092,-0.0067492,-0.0086866,-0.013122,-0.016354,-0.01674
-0.0053102,-0.0098278,-0.011653,-0.011053,-0.012037,-0.012124,-0.012238,-0.0095438,-0.005673,-0.0032618,0.0011735,0.0048389,0.010632,0.01598,0.022004,0.031067,0.028389,0.0081697,-0.0036289,-0.0067436,-0.0089546,-0.0081266,-0.0073756,-0.0084667,-0.0091253,-0.0074209,-0.0050809,-0.0062989,-0.010011,-0.015038,-0.017223,-0.016987
-0.009547,-0.01258,-0.015071,-0.014367,-0.014337,-0.014689,-0.015834,-0.012674,-0.0084653,-0.0054606,-0.0007648,0.0023157,0.005518,0.0092743,0.015754,0.03002,0.02811,0.0078278,-0.0044302,-0.0082231,-0.0095123,-0.0086899,-0.0073612,-0.007981,-0.0078657,-0.0062876,-0.0046536,-0.0065758,-0.0095215,-0.013635,-0.017223,-0.017957
-0.014132,-0.014601,-0.017622,-0.017444,-0.017103,-0.01679,-0.01765,-0.014332,-0.0093526,-0.0050898,-0.00083584,0.0017387,0.0023141,0.0039411,0.0083926,0.025854,0.026758,0.0067142,-0.0056799,-0.008434,-0.0093894,-0.0084137,-0.0078899,-0.0084231,-0.0078191,-0.0062498,-0.0057314,-0.0080457,-0.010431,-0.012177,-0.016721,-0.018634
-0.015527,-0.013208,-0.017253,-0.019476,-0.020342,-0.018199,-0.016789,-0.014642,-0.0094686,-0.0049897,-0.00032155,0.0017608,0.0014989,0.0028692,0.0067048,0.025598,0.027791,0.0071119,-0.0056764,-0.0090654,-0.010641,-0.010435,-0.009275,-0.0096694,-0.0071826,-0.0052307,-0.0069954,-0.0097765,-0.010159,-0.011185,-0.014752,-0.01752
-0.016163,-0.01509,-0.018832,-0.021346,-0.022743,-0.019473,-0.015362,-0.014229,-0.010516,-0.0053739,-0.0026536,-0.001148,-3.5587e-05,0.0018217,0.0059576,0.02499,0.029509,0.0099133,-0.0046613,-0.009569,-0.011454,-0.012865,-0.012469,-0.010226,-0.0061224,-0.0057021,-0.008806,-0.01143,-0.010898,-0.012094,-0.014019,-0.016116
-0.018088,-0.017575,-0.019948,-0.023142,-0.025876,-0.02278,-0.016321,-0.014968,-0.011535,-0.0083677,-0.0057197,-0.0030283,-0.00048111,0.0015073,0.0056536,0.024918,0.029575,0.011436,-0.0046991,-0.0099852,-0.012427,-0.013208,-0.013173,-0.010377,-0.0065659,-0.0060814,-0.0085784,-0.010241,-0.010503,-0.012848,-0.01453,-0.015143
-0.017361,-0.016884,-0.018818,-0.021418,-0.027155,-0.025441,-0.018005,-0.014809,-0.012685,-0.010104,-0.0059253,-0.0029908,-0.00043641,0.0022945,0.0076691,0.026414,0.028499,0.0086255,-0.0063783,-0.011634,-0.01336,-0.014931,-0.012842,-0.0082677,-0.0073247,-0.0075838,-0.0083959,-0.0092267,-0.010372,-0.014689,-0.017116,-0.017799
-0.015502,-0.017309,-0.018701,-0.019387,-0.026342,-0.025405,-0.017329,-0.01424,-0.01278,-0.01016,-0.0056751,-0.004024,-0.0015753,0.00089604,0.006941,0.026474,0.026968,0.0050839,-0.0086293,-0.012641,-0.015084,-0.016817,-0.013355,-0.0089479,-0.0085532,-0.0096843,-0.0097421,-0.0091018,-0.011248,-0.016423,-0.018681,-0.018285
-0.019046,-0.019994,-0.021329,-0.018802,-0.021448,-0.021967,-0.016821,-0.012887,-0.010592,-0.0099873,-0.0078307,-0.0053444,-0.0039132,-0.002921,0.0020595,0.021771,0.0232,0.0017744,-0.010478,-0.01323,-0.016319,-0.017066,-0.013411,-0.010359,-0.010202,-0.011166,-0.0099333,-0.0076615,-0.0094365,-0.015204,-0.017518,-0.01619
-0.02037,-0.019984,-0.024398,-0.021336,-0.019528,-0.01733,-0.014074,-0.010202,-0.0058459,-0.0070679,-0.0078198,-0.0066446,-0.0060774,-0.0055029,-0.001362,0.019362,0.022111,-0.00096789,-0.012316,-0.014373,-0.017325,-0.017847,-0.013855,-0.012299,-0.013249,-0.012803,-0.010464,-0.007418,-0.0087084,-0.012447,-0.015235,-0.015149
-0.012725,-0.013796,-0.01873,-0.018203,-0.019169,-0.015777,-0.010727,-0.0063516,-0.0023533,-0.0036188,-0.0059869,-0.0049959,-0.0049149,-0.0053251,-0.00062932,0.021316,0.022539,-0.0018817,-0.012955,-0.015021,-0.018636,-0.018438,-0.014688,-0.014358,-0.014931,-0.014568,-0.011361,-0.0094593,-0.0094405,-0.011067,-0.012259,-0.01079
-0.015332,-0.010233,-0.017112,-0.011743,-0.016026,-0.016975,-0.010462,-0.0044023,-0.0020759,-0.0029759,-0.0047253,-0.0042651,-0.0036549,-0.00545,-0.0020485,0.020222,0.020874,-0.0036448,-0.014321,-0.017993,-0.019872,-0.018442,-0.01727,-0.015325,-0.014855,-0.013836,-0.012254,-0.011899,-0.01128,-0.011356,-0.011259,-0.0091779
0.0032391,-0.0022993,-0.044777,-0.023977,-0.015469,-0.015626,-0.0090743,-0.0015916,-0.00094435,-0.0017386,-0.0014554,-0.0020937,-0.0010386,-0.0044365,-0.0022966,0.017593,0.017639,-0.0049638,-0.014468,-0.017496,-0.02002,-0.019205,-0.019163,-0.017136,-0.015356,-0.013818,-0.012211,-0.011869,-0.011787,-0.011721,-0.0095995,-0.0073521
0.017822,0.012872,0.00029105,-0.011454,-0.014493,-0.0080005,0.0025033,0.0068196,0.0032818,0.00088447,0.0016635,0.0015312,0.0018,0.00026198,0.0018198,0.021275,0.019588,-0.0038584,-0.013514,-0.016345,-0.019945,-0.021175,-0.020774,-0.01951,-0.014954,-0.012738,-0.011826,-0.010609,-0.011115,-0.011659,-0.0086916,-0.0048718
0.023933,0.029062,0.0097582,-0.0090157,-0.0070373,-0.0010576,0.0060862,0.0085408,0.0061344,0.0019079,0.0021255,0.0030832,0.0028628,0.0022565,0.0026642,0.019715,0.019149,-0.0024578,-0.013588,-0.01655,-0.019616,-0.023176,-0.024749,-0.020974,-0.015157,-0.012355,-0.011745,-0.010792,-0.0097896,-0.0097995,-0.010181,-0.0071198
0.01796,0.026713,0.015471,0.0049998,-6.136e-05,0.0074895,0.0084616,0.0077556,0.00555,0.003831,0.0028953,0.00424,0.003825,0.0014335,0.00095816,0.017125,0.018283,-0.0015336,-0.012967,-0.016165,-0.021101,-0.025163,-0.02569,-0.021248,-0.015596,-0.01198,-0.01097,-0.0092084,-0.0072668,-0.0074363,-0.01144,-0.011534
0.013601,0.015871,0.01688,0.016926,0.0082553,-0.0028949,0.011022,0.008891,0.00556,0.0042679,0.0040273,0.0060598,0.0056135,0.0003976,-0.00081559,0.016482,0.017608,-0.0028925,-0.013249,-0.016667,-0.022386,-0.026854,-0.025495,-0.020707,-0.016395,-0.012838,-0.010594,-0.007007,-0.0037918,-0.0068029,-0.012324,-0.014355
0.0048534,0.0043836,0.0049672,0.010489,0.0099132,-0.0026348,0.01525,0.012791,0.0083277,0.005747,0.0036862,0.0070752,0.0066733,0.0016837,0.002406,0.020513,0.018054,-0.0045177,-0.013901,-0.018145,-0.024285,-0.025835,-0.024231,-0.020541,-0.016701,-0.012537,-0.0088016,-0.0048779,-0.0040548,-0.0083935,-0.013326,-0.015824
-0.0033886,-0.0069654,-0.010621,-0.018941,-0.020695,-0.015793,-0.0079848,0.011296,0.0078192,0.006674,0.0048195,0.0064896,0.0067536,0.0033379,0.0064223,0.024678,0.019951,-0.0035261,-0.013924,-0.019081,-0.025587,-0.026586,-0.025204,-0.021675,-0.016293,-0.010335,-0.0062565,-0.005274,-0.0066518,-0.010196,-0.014245,-0.01556
-0.0022653,-0.0090152,-0.014522,-0.021011,-0.024833,-0.019495,-0.014044,0.0061137,0.0046512,0.0071952,0.0089135,0.0090187,0.0099768,0.0053595,0.0080567,0.026168,0.019782,-0.0041084,-0.015726,-0.020481,-0.026279,-0.027909,-0.025793,-0.021515,-0.014585,-0.0076412,-0.0044463,-0.0050076,-0.0064481,-0.0095723,-0.011884,-0.013455
0.0004077,-0.0056833,-0.010495,-0.0034755,0.0018209,-0.0085752,-0.0082933,-0.0058657,0.0099535,0.010497,0.013794,0.011998,0.013177,0.0080379,0.0080824,0.023661,0.016681,-0.0064283,-0.016884,-0.019943,-0.024517,-0.026999,-0.024694,-0.020858,-0.013521,-0.0071343,-0.0045774,-0.0043101,-0.0046327,-0.0067919,-0.009195,-0.012639
0.0046713,0.0052485,-0.003412,-0.00073144,0.0045697,0.0017064,-0.00031565,-0.0017482,0.0078636,0.010254,0.013186,0.014539,0.016128,0.0094448,0.0085275,0.02546,0.021389,-0.0033579,-0.015198,-0.017226,-0.022183,-0.023417,-0.021368,-0.018504,-0.011655,-0.0050175,-0.0029215,-0.0019137,-0.0014118,-0.0029068,-0.0079901,-0.011548
0.012037,0.0085612,0.00058669,0.0018544,0.00625,0.0064097,0.013125,0.0043114,0.01244,0.0084956,0.011214,0.014431,0.01553,0.0071365,0.0059253,0.024933,0.023357,-0.00019927,-0.013247,-0.014997,-0.01891,-0.021556,-0.017394,-0.012908,-0.008512,-0.0028265,0.0015958,0.0016981,0.00075971,-0.002385,-0.0073524,-0.01211
0.018463,0.013921,0.010167,0.011241,0.0093896,0.011431,0.00968,0.0036115,0.0034742,0.00033184,0.013265,0.015828,0.013053,0.0041922,0.0027168,0.019644,0.022014,0.0031259,-0.010325,-0.011251,-0.014011,-0.014695,-0.010794,-0.0076986,-0.0045078,-0.00056947,0.0048565,0.005403,0.0015289,-0.0029588,-0.0083584,-0.011627
0.023747,0.015056,0.013352,0.015775,0.0066492,-0.0055403,-0.0014358,-0.0045184,-0.0036231,0.0007508,0.019359,0.018488,0.0078489,-0.00039558,-0.00045127,0.015481,0.022103,0.0052185,-0.0080714,-0.0081832,-0.0096789,-0.009314,-0.0099334,-0.0098795,-0.0031678,0.0018278,0.0046464,0.0021565,-0.00058796,-0.0043915,-0.0093721,-0.012573
0.027168,0.014651,0.0092749,0.012022,-0.0013848,-0.0054114,0.0064427,-0.0017568,-0.0029239,0.0066778,0.02202,0.016453,0.0027805,-0.0045504,-0.0018886,0.012659,0.020718,0.0072099,-0.0047272,-0.0043502,-0.0028952,-0.0040289,-0.0079704,-0.0083111,-0.00070952,0.0040636,0.00324,0.00086035,-0.0011513,-0.0040551,-0.0093504,-0.012617
0.038435,0.023434,0.014097,0.012555,0.0079798,0.01329,0.011387,0.0069985,-0.0054528,-0.00019839,0.021204,0.010825,-0.0015623,-0.0070415,-0.0039147,0.013837,0.029544,0.021812,0.0047685,0.00019853,0.0054204,0.0043845,-0.00027342,0.0011016,0.0045878,0.0042385,0.0017963,0.0018354,0.000643,-0.0034694,-0.007748,-0.011846
0.060067,0.033794,0.020115,0.012992,0.0097342,0.0092127,0.008873,0.0087504,-0.0060568,-0.0050955,-0.005752,0.0039787,-0.0053222,-0.0082573,-0.0040668,0.01472,0.041142,0.042397,0.020025,0.0064296,0.0070714,0.0046705,0.0040334,0.0054228,0.0056311,0.0026245,0.00047004,0.00072195,0.00014251,-0.0019784,-0.0063498,-0.0097546
0.0034436,0.0012368,0.019989,0.013468,0.0084873,0.0108,0.014103,0.015884,0.01548,0.011151,0.0014036,-0.00097009,-0.001895,-0.0035707,-0.00065063,0.0086735,0.031913,0.040934,0.021382,0.0090277,0.0061511,-0.00068085,-0.00096804,0.0029298,0.0049928,0.0025975,-0.0001118,-0.0012333,0.00028039,0.00058906,-0.0055232,-0.0076815
0.0050435,-0.0037295,-0.0013403,0.01244,0.011489,0.0098051,0.012857,0.01574,0.018058,0.017173,0.0087261,0.0027235,0.0037317,0.0041059,0.0048132,0.0017986,0.0091729,0.040421,0.0027241,0.008043,0.0058262,0.00044522,-0.0029751,-0.0011758,0.0024422,-0.00070539,-0.0044108,-0.0044849,-0.0016568,0.0015558,-0.0026717,-0.0061253
0.016014,0.0095318,0.0071192,0.0067777,0.0067621,0.0077316,0.01158,0.015739,0.017923,0.015148,0.0066545,0.00046664,0.011633,0.013032,0.0076596,0.0076992,-0.0036836,-0.0037192,-0.0041576,0.00086442,-0.0051498,-0.00063946,-0.004772,-0.0027746,-0.00057221,-0.0064034,-0.0090386,-0.0084209,-0.0053336,-9.5796e-05,-0.0024088,-0.0035265
0.011001,0.010037,0.0055898,0.0071777,0.0071728,0.0097281,0.010618,0.01403,0.016988,0.01339,0.0022511,0.0079699,0.0044462,0.004153,-0.0046161,-0.0082191,-0.0099681,-0.007029,-0.0066391,-0.0092839,-0.010507,0.0050576,-0.01035,-0.015583,-0.012075,-0.0096129,-0.0094712,-0.0066153,-0.004193,-0.00168,-0.0035621,-0.0035098
0.023961,0.021432,0.016012,0.015254,0.013109,0.012395,0.012749,0.014968,0.017235,0.012643,0.010812,0.0075342,-0.0010851,-0.016475,-0.015903,-0.01297,-0.0088561,0.0024237,-0.00056142,-0.0062686,-0.010255,-0.0096445,-0.0018523,-0.0004124,-0.028256,-0.019207,-0.011381,-0.0027874,0.00011326,-0.0013176,-0.0029009,-0.0020611
0.022075,0.014545,0.013152,0.016711,0.01457,0.013423,0.015338,0.01459,0.013866,0.0067239,0.0079005,0.0034123,-0.009648,-0.019031,-0.014143,-0.013452,-0.0071803,0.0012096,0.0023256,-0.0012072,-0.0018629,-0.0029651,-0.00818,-0.01104,-0.0083954,-0.026749,-0.007746,0.0011589,0.0016633,-0.0038062,-0.0074645,-0.0083431
0.01498,0.0093038,0.011632,0.015428,0.014578,0.0092523,0.011538,0.01154,0.010721,0.0058421,-0.00029294,0.00019842,-0.0078831,-0.015659,-0.014498,-0.014893,-0.017471,-0.015681,-0.011974,-0.0012673,-0.0040972,0.0062496,-0.0053203,-0.021136,-0.015372,-0.035265,-0.022167,-0.014995,-0.017629,-0.02136,-0.016938,-0.025748
0.0082373,0.0076667,0.0093876,0.01236,0.016382,0.015111,0.012385,0.011306,0.0092395,0.0044986,-0.008956,-0.0094967,-0.01164,-0.016273,-0.016709,-0.021294,-0.021284,-0.017559,-0.017573,-0.010182,0.00072389,0.0032962,0.0019937,-0.010123,-0.031753,-0.025057,-0.020453,-0.019975,-0.020118,-0.0031673,0.0011797,-0.0081426
0.0034444,0.0028913,0.0024975,0.004688,0.011313,0.015493,0.013963,0.011366,0.010397,0.011171,-0.012694,-0.012196,-0.0098128,-0.013045,-0.018917,-0.022707,-0.02093,-0.012926,-0.013088,-0.010785,-0.00060426,0.0054985,0.010502,0.0062902,-0.0030213,-0.029985,-0.047854,-0.043984,-0.0046926,0.0026981,-0.0018469,-0.013345
0.0042911,0.0017339,-0.00012651,0.0017091,0.0083385,0.01261,0.011955,0.0099467,0.011153,0.012271,0.0063155,-0.01168,-0.010008,-0.01173,-0.019884,-0.022668,-0.02146,-0.014328,-0.009473,-0.0071493,-0.0010763,0.0072756,0.013462,0.015106,0.010179,-0.0055622,-0.019028,-0.018794,-0.013013,-0.0069781,-0.005092,-0.0060163
0.004453,0.0029654,0.0011847,0.0023634,0.0066812,0.0083714,0.0089393,0.0091172,0.012338,0.0099321,-0.0089221,-0.012326,-0.010987,-0.0096358,-0.011934,-0.017502,-0.018405,-0.017819,-0.012152,-0.0006335,0.0024109,0.0050069,0.010463,0.017589,0.015832,0.0086103,0.001814,-0.00025631,-0.0040664,-0.011038,-0.011856,-0.0044323
0.0025679,0.0027701,0.001463,0.0025654,0.0046667,0.0070309,0.0084697,0.0087954,0.0097741,0.009731,0.0016635,-0.011136,-0.014413,-0.0089379,-0.0027604,-0.0098212,-0.013318,-0.013755,-0.010327,0.00075185,0.0083044,0.0058211,0.0057507,0.017314,0.01694,0.012394,0.011085,0.0068987,-0.0011892,-0.006811,-0.013108,-0.017331
0.0015317,0.001732,0.00056058,0.0011444,0.0035613,0.0072786,0.0093618,0.0091033,0.0081063,0.0099104,0.0062951,0.0024785,-0.0127,-0.0044507,0.0029788,-0.0047563,-0.014668,-0.011627,-0.0091651,0.00019055,0.011176,0.0078932,0.0069296,0.0089159,0.019988,0.022147,0.023838,0.018021,0.0063529,-0.0037264,-0.012186,-0.017601
